 #the D tensor -- Eq. 2 of TAS17
 # in units of [ dimensionless ] 
#                             |                                      symmetric part                                     ||              asymmetric part              |
   # EFERMI(eV)      omega(eV)             xx             yy             zz             xy             xz             yz              x              y              z
   0.580000E+01   0.000000E+00   0.462293E-02   0.562079E-02  -0.149255E-01   0.596808E-03   0.767667E-04  -0.119038E-02   0.331520E-03  -0.228999E-04  -0.163216E-04
   0.580250E+01   0.000000E+00   0.468066E-02   0.567880E-02  -0.149864E-01   0.586418E-03   0.755985E-04  -0.119909E-02   0.345037E-03  -0.174034E-04  -0.188212E-04
   0.580500E+01   0.000000E+00   0.472317E-02   0.572473E-02  -0.150360E-01   0.576122E-03   0.745333E-04  -0.120750E-02   0.358711E-03  -0.120163E-04  -0.213092E-04
   0.580750E+01   0.000000E+00   0.476212E-02   0.576575E-02  -0.150740E-01   0.565854E-03   0.735576E-04  -0.121560E-02   0.372560E-03  -0.674399E-05  -0.237665E-04
   0.581000E+01   0.000000E+00   0.481048E-02   0.581223E-02  -0.151011E-01   0.555661E-03   0.726555E-04  -0.122310E-02   0.386901E-03  -0.159824E-05  -0.261827E-04
   0.581250E+01   0.000000E+00   0.486650E-02   0.586487E-02  -0.151182E-01   0.545608E-03   0.718049E-04  -0.122981E-02   0.401956E-03   0.339893E-05  -0.285460E-04
   0.581500E+01   0.000000E+00   0.491612E-02   0.591358E-02  -0.151257E-01   0.535666E-03   0.709712E-04  -0.123580E-02   0.417584E-03   0.821364E-05  -0.308307E-04
   0.581750E+01   0.000000E+00   0.495102E-02   0.595027E-02  -0.151235E-01   0.525721E-03   0.700994E-04  -0.124125E-02   0.433436E-03   0.127964E-04  -0.329961E-04
   0.582000E+01   0.000000E+00   0.497899E-02   0.597931E-02  -0.151113E-01   0.515665E-03   0.691094E-04  -0.124609E-02   0.449307E-03   0.170752E-04  -0.349958E-04
   0.582250E+01   0.000000E+00   0.501359E-02   0.601181E-02  -0.150896E-01   0.505456E-03   0.678928E-04  -0.124998E-02   0.465210E-03   0.209496E-04  -0.367848E-04
   0.582500E+01   0.000000E+00   0.505705E-02   0.605128E-02  -0.150595E-01   0.495101E-03   0.663184E-04  -0.125253E-02   0.481105E-03   0.242960E-04  -0.383167E-04
   0.582750E+01   0.000000E+00   0.509893E-02   0.608984E-02  -0.150219E-01   0.484587E-03   0.642543E-04  -0.125346E-02   0.496633E-03   0.269923E-04  -0.395369E-04
   0.583000E+01   0.000000E+00   0.513081E-02   0.611938E-02  -0.149769E-01   0.473832E-03   0.616119E-04  -0.125254E-02   0.511190E-03   0.289657E-04  -0.403813E-04
   0.583250E+01   0.000000E+00   0.515695E-02   0.614212E-02  -0.149249E-01   0.462736E-03   0.584038E-04  -0.124937E-02   0.524202E-03   0.302525E-04  -0.407877E-04
   0.583500E+01   0.000000E+00   0.518801E-02   0.616698E-02  -0.148667E-01   0.451263E-03   0.547930E-04  -0.124338E-02   0.535263E-03   0.310436E-04  -0.407140E-04
   0.583750E+01   0.000000E+00   0.522781E-02   0.619802E-02  -0.148039E-01   0.439490E-03   0.510989E-04  -0.123400E-02   0.544019E-03   0.316841E-04  -0.401549E-04
   0.584000E+01   0.000000E+00   0.527055E-02   0.623061E-02  -0.147380E-01   0.427545E-03   0.477434E-04  -0.122082E-02   0.550042E-03   0.326095E-04  -0.391497E-04
   0.584250E+01   0.000000E+00   0.530987E-02   0.625898E-02  -0.146699E-01   0.415518E-03   0.451452E-04  -0.120364E-02   0.552916E-03   0.342305E-04  -0.377809E-04
   0.584500E+01   0.000000E+00   0.534682E-02   0.628388E-02  -0.146004E-01   0.403437E-03   0.436021E-04  -0.118241E-02   0.552452E-03   0.368061E-04  -0.361666E-04
   0.584750E+01   0.000000E+00   0.538758E-02   0.631118E-02  -0.145307E-01   0.391349E-03   0.432107E-04  -0.115725E-02   0.548810E-03   0.403581E-04  -0.344431E-04
   0.585000E+01   0.000000E+00   0.543581E-02   0.634491E-02  -0.144622E-01   0.379355E-03   0.438604E-04  -0.112847E-02   0.542387E-03   0.446659E-04  -0.327377E-04
   0.585250E+01   0.000000E+00   0.548928E-02   0.638375E-02  -0.143965E-01   0.367517E-03   0.453003E-04  -0.109654E-02   0.533631E-03   0.493468E-04  -0.311371E-04
   0.585500E+01   0.000000E+00   0.554374E-02   0.642425E-02  -0.143350E-01   0.355737E-03   0.472442E-04  -0.106202E-02   0.522911E-03   0.539825E-04  -0.296683E-04
   0.585750E+01   0.000000E+00   0.559865E-02   0.646593E-02  -0.142790E-01   0.343749E-03   0.494603E-04  -0.102530E-02   0.510516E-03   0.582356E-04  -0.283059E-04
   0.586000E+01   0.000000E+00   0.565835E-02   0.651249E-02  -0.142310E-01   0.331217E-03   0.518116E-04  -0.986595E-03   0.496657E-03   0.619106E-04  -0.269997E-04
   0.586250E+01   0.000000E+00   0.572775E-02   0.656818E-02  -0.141943E-01   0.317826E-03   0.542453E-04  -0.945974E-03   0.481443E-03   0.649530E-04  -0.257068E-04
   0.586500E+01   0.000000E+00   0.580802E-02   0.663401E-02  -0.141733E-01   0.303292E-03   0.567542E-04  -0.903476E-03   0.464854E-03   0.674077E-04  -0.244102E-04
   0.586750E+01   0.000000E+00   0.589791E-02   0.670847E-02  -0.141737E-01   0.287391E-03   0.593388E-04  -0.859049E-03   0.446754E-03   0.693656E-04  -0.231240E-04
   0.587000E+01   0.000000E+00   0.599868E-02   0.679051E-02  -0.142025E-01   0.270100E-03   0.619765E-04  -0.812267E-03   0.426841E-03   0.709152E-04  -0.218996E-04
   0.587250E+01   0.000000E+00   0.611451E-02   0.687597E-02  -0.142688E-01   0.251872E-03   0.645778E-04  -0.761435E-03   0.404295E-03   0.720889E-04  -0.208769E-04
   0.587500E+01   0.000000E+00   0.624273E-02   0.693874E-02  -0.143843E-01   0.234183E-03   0.668724E-04  -0.700963E-03   0.376493E-03   0.727608E-04  -0.204886E-04
   0.587750E+01   0.000000E+00   0.635509E-02   0.688789E-02  -0.145627E-01   0.220840E-03   0.681135E-04  -0.614692E-03   0.335528E-03   0.723932E-04  -0.220511E-04
   0.588000E+01   0.000000E+00   0.636989E-02   0.648562E-02  -0.148186E-01   0.220823E-03   0.664495E-04  -0.461901E-03   0.260631E-03   0.694816E-04  -0.291045E-04
   0.588250E+01   0.000000E+00   0.611548E-02   0.521838E-02  -0.151676E-01   0.252929E-03   0.579047E-04  -0.155099E-03   0.105563E-03   0.606159E-04  -0.497275E-04
   0.588500E+01   0.000000E+00   0.530927E-02   0.217979E-02  -0.156255E-01   0.350274E-03   0.353501E-04   0.461226E-03  -0.214917E-03   0.394685E-04  -0.991706E-04
   0.588750E+01   0.000000E+00   0.361781E-02  -0.385506E-02  -0.162021E-01   0.558800E-03  -0.113516E-04   0.160365E-02  -0.825604E-03  -0.321779E-05  -0.200288E-03
   0.589000E+01   0.000000E+00   0.860317E-03  -0.139371E-01  -0.168853E-01   0.921677E-03  -0.922743E-04   0.347669E-02  -0.185640E-02  -0.769906E-04  -0.377589E-03
   0.589250E+01   0.000000E+00  -0.269395E-02  -0.280243E-01  -0.176182E-01   0.144720E-02  -0.210669E-03   0.612147E-02  -0.336045E-02  -0.185554E-03  -0.642346E-03
   0.589500E+01   0.000000E+00  -0.616156E-02  -0.441195E-01  -0.182838E-01   0.207396E-02  -0.355053E-03   0.924900E-02  -0.521123E-02  -0.319289E-03  -0.973348E-03
   0.589750E+01   0.000000E+00  -0.828900E-02  -0.583090E-01  -0.187166E-01   0.266271E-02  -0.496307E-03   0.121958E-01  -0.705348E-02  -0.452049E-03  -0.130716E-02
   0.590000E+01   0.000000E+00  -0.811897E-02  -0.661935E-01  -0.187495E-01   0.303852E-02  -0.595474E-03   0.141168E-01  -0.838658E-02  -0.547758E-03  -0.155265E-02
   0.590250E+01   0.000000E+00  -0.565838E-02  -0.651097E-01  -0.182787E-01   0.307165E-02  -0.620995E-03   0.143701E-01  -0.877889E-02  -0.576141E-03  -0.162987E-02
   0.590500E+01   0.000000E+00  -0.197544E-02  -0.556411E-01  -0.173078E-01   0.274754E-02  -0.565323E-03   0.128620E-01  -0.809420E-02  -0.528587E-03  -0.151171E-02
   0.590750E+01   0.000000E+00   0.143190E-02  -0.412521E-01  -0.159459E-01   0.217493E-02  -0.449106E-03   0.101051E-01  -0.657093E-02  -0.422942E-03  -0.123902E-02
   0.591000E+01   0.000000E+00   0.351620E-02  -0.263327E-01  -0.143636E-01   0.152613E-02  -0.309770E-03   0.694246E-02  -0.469260E-02  -0.293621E-03  -0.897911E-03
   0.591250E+01   0.000000E+00   0.413187E-02  -0.141230E-01  -0.127353E-01   0.953320E-03  -0.182982E-03   0.413989E-02  -0.294466E-02  -0.174393E-03  -0.576140E-03
   0.591500E+01   0.000000E+00   0.381759E-02  -0.581559E-02  -0.111947E-01   0.535455E-03  -0.892709E-04   0.210991E-02  -0.162268E-02  -0.853727E-04  -0.328340E-03
   0.591750E+01   0.000000E+00   0.324287E-02  -0.978817E-03  -0.981408E-02   0.276517E-03  -0.319033E-04   0.886360E-03  -0.787921E-03  -0.304251E-04  -0.167430E-03
   0.592000E+01   0.000000E+00   0.280245E-02   0.146914E-02  -0.860258E-02   0.137427E-03  -0.314810E-05   0.274538E-03  -0.344597E-03  -0.270821E-05  -0.777601E-04
   0.592250E+01   0.000000E+00   0.255705E-02   0.251735E-02  -0.752158E-02   0.708514E-04   0.778087E-05   0.279323E-04  -0.148944E-03   0.785395E-05  -0.342669E-04
   0.592500E+01   0.000000E+00   0.239435E-02   0.280497E-02  -0.651202E-02   0.408111E-04   0.971298E-05  -0.450606E-04  -0.813206E-04   0.968329E-05  -0.155180E-04
   0.592750E+01   0.000000E+00   0.219837E-02   0.268056E-02  -0.552516E-02   0.265600E-04   0.810499E-05  -0.549948E-04  -0.674381E-04   0.805708E-05  -0.797931E-05
   0.593000E+01   0.000000E+00   0.192281E-02   0.233552E-02  -0.454404E-02   0.185083E-04   0.567946E-05  -0.501328E-04  -0.696031E-04   0.563589E-05  -0.481904E-05
   0.593250E+01   0.000000E+00   0.158355E-02   0.189150E-02  -0.358721E-02   0.130236E-04   0.353507E-05  -0.447278E-04  -0.714948E-04   0.350103E-05  -0.320302E-05
   0.593500E+01   0.000000E+00   0.122366E-02   0.143379E-02  -0.269635E-02   0.894358E-05   0.197991E-05  -0.398199E-04  -0.675728E-04   0.195584E-05  -0.215919E-05
   0.593750E+01   0.000000E+00   0.885842E-03   0.101912E-02  -0.191686E-02   0.589994E-05   0.991105E-06  -0.339370E-04  -0.577216E-04   0.975612E-06  -0.140904E-05
   0.594000E+01   0.000000E+00   0.599473E-03   0.678579E-03  -0.128126E-02   0.370787E-05   0.432978E-06  -0.267387E-04  -0.444382E-04   0.423879E-06  -0.873430E-06
   0.594250E+01   0.000000E+00   0.377957E-03   0.422025E-03  -0.800745E-03   0.220522E-05   0.155928E-06  -0.191395E-04  -0.308497E-04   0.151035E-06  -0.510556E-06
   0.594500E+01   0.000000E+00   0.221061E-03   0.244117E-03  -0.465338E-03   0.123264E-05   0.385192E-07  -0.123628E-04  -0.193322E-04   0.360960E-07  -0.280238E-06
   0.594750E+01   0.000000E+00   0.119375E-03   0.130683E-03  -0.250087E-03   0.642858E-06  -0.836979E-09  -0.719122E-05  -0.109450E-04  -0.194864E-08  -0.143783E-06
   0.595000E+01   0.000000E+00   0.592281E-04   0.644068E-04  -0.123640E-03   0.310553E-06  -0.852601E-08  -0.376505E-05  -0.560016E-05  -0.900087E-08  -0.685749E-07
   0.595250E+01   0.000000E+00   0.268735E-04   0.290754E-04  -0.559496E-04   0.138025E-06  -0.664605E-08  -0.177390E-05  -0.258905E-05  -0.683544E-08  -0.302115E-07
   0.595500E+01   0.000000E+00   0.111022E-04   0.119658E-04  -0.230682E-04   0.560997E-07  -0.361593E-08  -0.751794E-06  -0.108071E-05  -0.368642E-08  -0.122170E-07
   0.595750E+01   0.000000E+00   0.415989E-05   0.447034E-05  -0.863024E-05   0.207442E-07  -0.160460E-08  -0.286406E-06  -0.406813E-06  -0.162900E-08  -0.450783E-08
   0.596000E+01   0.000000E+00   0.140875E-05   0.151044E-05  -0.291919E-05   0.694817E-08  -0.609075E-09  -0.979863E-07  -0.137901E-06  -0.616878E-09  -0.150985E-08
   0.596250E+01   0.000000E+00   0.429892E-06   0.460088E-06  -0.889980E-06   0.210042E-08  -0.201678E-09  -0.300718E-07  -0.420265E-07  -0.203968E-09  -0.457063E-09
   0.596500E+01   0.000000E+00   0.117903E-06   0.125999E-06  -0.243902E-06   0.571339E-09  -0.587938E-10  -0.826875E-08  -0.114960E-07  -0.594065E-10  -0.124607E-09
   0.596750E+01   0.000000E+00   0.289978E-07   0.309509E-07  -0.599487E-07   0.139492E-09  -0.151589E-10  -0.203456E-08  -0.281799E-08  -0.153073E-10  -0.305049E-10
   0.597000E+01   0.000000E+00   0.638341E-08   0.680625E-08  -0.131897E-07   0.305047E-10  -0.346451E-11  -0.447438E-09  -0.618080E-09  -0.349700E-11  -0.669019E-11
   0.597250E+01   0.000000E+00   0.125569E-08   0.133766E-08  -0.259335E-08   0.596466E-11  -0.702632E-12  -0.878487E-10  -0.121133E-09  -0.708961E-12  -0.131195E-11
   0.597500E+01   0.000000E+00   0.220418E-09   0.234620E-09  -0.455039E-09   0.104126E-11  -0.126476E-12  -0.153824E-10  -0.211860E-10  -0.127621E-12  -0.229676E-12
   0.597750E+01   0.000000E+00   0.344839E-10   0.366795E-10  -0.711640E-10   0.162068E-12  -0.202352E-13  -0.239963E-11  -0.330279E-11  -0.203941E-13  -0.358350E-13
   0.598000E+01   0.000000E+00   0.480223E-11   0.510482E-11  -0.990735E-11   0.224626E-13  -0.288432E-14  -0.333247E-12  -0.458409E-12  -0.287312E-14  -0.498236E-14
   0.598250E+01   0.000000E+00   0.593977E-12   0.631089E-12  -0.122524E-11   0.276777E-14  -0.361192E-15  -0.412101E-13  -0.566423E-13  -0.363562E-15  -0.614508E-15
   0.598500E+01   0.000000E+00   0.647228E-13   0.687287E-13  -0.133484E-12   0.303768E-15  -0.430759E-16  -0.449583E-14  -0.616306E-14  -0.363198E-16  -0.670702E-16
   0.598750E+01   0.000000E+00   0.581224E-14   0.613108E-14  -0.119514E-13   0.272438E-16  -0.400042E-17  -0.498414E-15  -0.648195E-15  -0.296484E-17  -0.551552E-17
   0.599000E+01   0.000000E+00  -0.973536E-15  -0.953262E-15   0.206843E-14   0.559749E-17   0.170267E-17  -0.117431E-15  -0.116950E-15   0.169936E-17  -0.974215E-18
   0.599250E+01   0.000000E+00  -0.156321E-13  -0.154282E-13   0.314417E-13   0.493922E-16   0.231756E-16  -0.124038E-15   0.218988E-15   0.235369E-16  -0.101753E-16
   0.599500E+01   0.000000E+00  -0.145947E-12  -0.144525E-12   0.292381E-12   0.460704E-15   0.215489E-15  -0.145917E-14   0.163698E-14   0.220015E-15  -0.941903E-16
   0.599750E+01   0.000000E+00  -0.120023E-11  -0.118884E-11   0.239921E-11   0.378603E-14   0.177436E-14  -0.114983E-13   0.142761E-13   0.181009E-14  -0.773058E-15
   0.600000E+01   0.000000E+00  -0.875698E-11  -0.867601E-11   0.174729E-10   0.276373E-13   0.129579E-13  -0.853691E-13   0.103116E-12   0.132170E-13  -0.563098E-14
   0.600250E+01   0.000000E+00  -0.568046E-10  -0.562897E-10   0.113212E-09   0.179474E-12   0.842114E-13  -0.559660E-12   0.666612E-12   0.859182E-13  -0.364967E-13
   0.600500E+01   0.000000E+00  -0.328053E-09  -0.325118E-09   0.653394E-09   0.103821E-11   0.487605E-12  -0.324960E-11   0.386082E-11   0.497639E-12  -0.210601E-12
   0.600750E+01   0.000000E+00  -0.168873E-08  -0.167375E-08   0.336256E-08   0.535679E-11   0.251870E-11  -0.167656E-10   0.200182E-10   0.257095E-11  -0.108332E-11
   0.601000E+01   0.000000E+00  -0.775930E-08  -0.769069E-08   0.154489E-07   0.246852E-10   0.116209E-10  -0.770393E-10   0.929512E-10   0.118626E-10  -0.497390E-11
   0.601250E+01   0.000000E+00  -0.318703E-07  -0.315889E-07   0.634557E-07   0.101752E-09   0.479624E-10  -0.316052E-09   0.386794E-09   0.489577E-10  -0.204130E-10
   0.601500E+01   0.000000E+00  -0.117220E-06  -0.116186E-06   0.233402E-06   0.375813E-09   0.177383E-09  -0.116037E-08   0.144423E-08   0.181042E-09  -0.750108E-10
   0.601750E+01   0.000000E+00  -0.386838E-06  -0.383424E-06   0.770270E-06   0.124621E-08   0.589054E-09  -0.382180E-08   0.484738E-08   0.601108E-09  -0.247282E-09
   0.602000E+01   0.000000E+00  -0.114805E-05  -0.113793E-05   0.228601E-05   0.371896E-08   0.176067E-08  -0.113204E-07   0.146600E-07   0.179635E-08  -0.732990E-09
   0.602250E+01   0.000000E+00  -0.307228E-05  -0.304521E-05   0.611751E-05   0.100153E-07   0.475021E-08  -0.302390E-07   0.400699E-07   0.484538E-08  -0.195880E-08
   0.602500E+01   0.000000E+00  -0.743694E-05  -0.737149E-05   0.148083E-04   0.244198E-07   0.116066E-07  -0.730700E-07   0.993352E-07   0.118363E-07  -0.473390E-08
   0.602750E+01   0.000000E+00  -0.163444E-04  -0.162007E-04   0.325449E-04   0.541183E-07   0.257840E-07  -0.160318E-06   0.224276E-06   0.262871E-07  -0.103841E-07
   0.603000E+01   0.000000E+00  -0.327537E-04  -0.324658E-04   0.652196E-04   0.109506E-06   0.523148E-07  -0.320785E-06   0.463337E-06   0.533194E-07  -0.207628E-07
   0.603250E+01   0.000000E+00  -0.601514E-04  -0.596226E-04   0.119775E-03   0.203371E-06   0.974550E-07  -0.588424E-06   0.880546E-06   0.992916E-07  -0.380296E-07
   0.603500E+01   0.000000E+00  -0.101814E-03  -0.100918E-03   0.202733E-03   0.348708E-06   0.167677E-06  -0.995444E-06   0.154858E-05   0.170769E-06  -0.641690E-07
   0.603750E+01   0.000000E+00  -0.159857E-03  -0.158449E-03   0.318305E-03   0.555674E-06   0.268231E-06  -0.156356E-05   0.253684E-05   0.273057E-06  -0.100379E-06
   0.604000E+01   0.000000E+00  -0.234463E-03  -0.232393E-03   0.466854E-03   0.828865E-06   0.401832E-06  -0.229714E-05   0.389855E-05   0.408863E-06  -0.146586E-06
   0.604250E+01   0.000000E+00  -0.323666E-03  -0.320797E-03   0.644465E-03   0.116618E-05   0.568040E-06  -0.318175E-05   0.566165E-05   0.577675E-06  -0.201320E-06
   0.604500E+01   0.000000E+00  -0.423804E-03  -0.420025E-03   0.843834E-03   0.155970E-05   0.763595E-06  -0.418910E-05   0.782665E-05   0.776105E-06  -0.262024E-06
   0.604750E+01   0.000000E+00  -0.530398E-03  -0.525632E-03   0.105603E-02   0.199799E-05   0.983473E-06  -0.528566E-05   0.103714E-04   0.998982E-06  -0.325644E-06
   0.605000E+01   0.000000E+00  -0.639081E-03  -0.633281E-03   0.127235E-02   0.246874E-05   0.122214E-05  -0.644065E-05   0.132599E-04   0.124064E-05  -0.389225E-06
   0.605250E+01   0.000000E+00  -0.746236E-03  -0.739375E-03   0.148561E-02   0.296095E-05   0.147452E-05  -0.763068E-05   0.164513E-04   0.149590E-05  -0.450319E-06
   0.605500E+01   0.000000E+00  -0.849269E-03  -0.841335E-03   0.169062E-02   0.346611E-05   0.173654E-05  -0.884155E-05   0.199056E-04   0.176061E-05  -0.507159E-06
   0.605750E+01   0.000000E+00  -0.946564E-03  -0.937550E-03   0.188413E-02   0.397811E-05   0.200517E-05  -0.100678E-04   0.235855E-04   0.203168E-05  -0.558627E-06
   0.606000E+01   0.000000E+00  -0.103724E-02  -0.102716E-02   0.206439E-02   0.449249E-05   0.227826E-05  -0.113100E-04   0.274582E-04   0.230696E-05  -0.604106E-06
   0.606250E+01   0.000000E+00  -0.112094E-02  -0.110978E-02   0.223068E-02   0.500601E-05   0.255433E-05  -0.125705E-04   0.314963E-04   0.258497E-05  -0.643303E-06
   0.606500E+01   0.000000E+00  -0.119761E-02  -0.118537E-02   0.238299E-02   0.551694E-05   0.283237E-05  -0.138521E-04   0.356777E-04   0.286473E-05  -0.676141E-06
   0.606750E+01   0.000000E+00  -0.126749E-02  -0.125414E-02   0.252169E-02   0.602470E-05   0.311171E-05  -0.151589E-04   0.399822E-04   0.314555E-05  -0.702709E-06
   0.607000E+01   0.000000E+00  -0.133091E-02  -0.131645E-02   0.264738E-02   0.652852E-05   0.339189E-05  -0.164967E-04   0.443912E-04   0.342696E-05  -0.723209E-06
   0.607250E+01   0.000000E+00  -0.138822E-02  -0.137266E-02   0.276082E-02   0.702697E-05   0.367257E-05  -0.178700E-04   0.488892E-04   0.370868E-05  -0.737861E-06
   0.607500E+01   0.000000E+00  -0.143977E-02  -0.142308E-02   0.286281E-02   0.751945E-05   0.395353E-05  -0.192801E-04   0.534656E-04   0.399053E-05  -0.746864E-06
   0.607750E+01   0.000000E+00  -0.148598E-02  -0.146812E-02   0.295416E-02   0.800696E-05   0.423464E-05  -0.207278E-04   0.581117E-04   0.427239E-05  -0.750445E-06
   0.608000E+01   0.000000E+00  -0.152733E-02  -0.150826E-02   0.303568E-02   0.849029E-05   0.451585E-05  -0.222163E-04   0.628173E-04   0.455415E-05  -0.748897E-06
   0.608250E+01   0.000000E+00  -0.156423E-02  -0.154396E-02   0.310816E-02   0.896828E-05   0.479712E-05  -0.237500E-04   0.675725E-04   0.483582E-05  -0.742524E-06
   0.608500E+01   0.000000E+00  -0.159695E-02  -0.157550E-02   0.317233E-02   0.943956E-05   0.507842E-05  -0.253300E-04   0.723721E-04   0.511743E-05  -0.731551E-06
   0.608750E+01   0.000000E+00  -0.162580E-02  -0.160311E-02   0.322890E-02   0.990515E-05   0.535974E-05  -0.269539E-04   0.772139E-04   0.539902E-05  -0.716137E-06
   0.609000E+01   0.000000E+00  -0.165119E-02  -0.162717E-02   0.327851E-02   0.103672E-04   0.564117E-05  -0.286215E-04   0.820949E-04   0.568059E-05  -0.696492E-06
   0.609250E+01   0.000000E+00  -0.167353E-02  -0.164816E-02   0.332177E-02   0.108257E-04   0.592276E-05  -0.303363E-04   0.870090E-04   0.596218E-05  -0.672911E-06
   0.609500E+01   0.000000E+00  -0.169302E-02  -0.166637E-02   0.335925E-02   0.112782E-04   0.620454E-05  -0.321014E-04   0.919518E-04   0.624388E-05  -0.645662E-06
   0.609750E+01   0.000000E+00  -0.170977E-02  -0.168185E-02   0.339145E-02   0.117243E-04   0.648653E-05  -0.339157E-04   0.969235E-04   0.652580E-05  -0.614865E-06
   0.610000E+01   0.000000E+00  -0.172405E-02  -0.169472E-02   0.341887E-02   0.121666E-04   0.676881E-05  -0.357754E-04   0.101926E-03   0.680798E-05  -0.580576E-06
   0.610250E+01   0.000000E+00  -0.173627E-02  -0.170542E-02   0.344191E-02   0.126069E-04   0.705148E-05  -0.376807E-04   0.106958E-03   0.709044E-05  -0.542995E-06
   0.610500E+01   0.000000E+00  -0.174665E-02  -0.171436E-02   0.346100E-02   0.130435E-04   0.733461E-05  -0.396361E-04   0.112016E-03   0.737326E-05  -0.502442E-06
   0.610750E+01   0.000000E+00  -0.175517E-02  -0.172157E-02   0.347649E-02   0.134741E-04   0.761823E-05  -0.416446E-04   0.117099E-03   0.765657E-05  -0.459101E-06
   0.611000E+01   0.000000E+00  -0.176191E-02  -0.172691E-02   0.348872E-02   0.138994E-04   0.790238E-05  -0.437031E-04   0.122210E-03   0.794045E-05  -0.412929E-06
   0.611250E+01   0.000000E+00  -0.176719E-02  -0.173056E-02   0.349798E-02   0.143228E-04   0.818715E-05  -0.458072E-04   0.127351E-03   0.822491E-05  -0.363942E-06
   0.611500E+01   0.000000E+00  -0.177132E-02  -0.173305E-02   0.350457E-02   0.147450E-04   0.847264E-05  -0.479586E-04   0.132524E-03   0.851000E-05  -0.312430E-06
   0.611750E+01   0.000000E+00  -0.177431E-02  -0.173460E-02   0.350874E-02   0.151633E-04   0.875893E-05  -0.501636E-04   0.137726E-03   0.879584E-05  -0.258703E-06
   0.612000E+01   0.000000E+00  -0.177603E-02  -0.173496E-02   0.351072E-02   0.155757E-04   0.904601E-05  -0.524244E-04   0.142956E-03   0.908249E-05  -0.202753E-06
   0.612250E+01   0.000000E+00  -0.177667E-02  -0.173399E-02   0.351070E-02   0.159842E-04   0.933391E-05  -0.547358E-04   0.148218E-03   0.937001E-05  -0.144428E-06
   0.612500E+01   0.000000E+00  -0.177655E-02  -0.173206E-02   0.350891E-02   0.163923E-04   0.962277E-05  -0.570939E-04   0.153520E-03   0.965847E-05  -0.838660E-07
   0.612750E+01   0.000000E+00  -0.177579E-02  -0.172965E-02   0.350552E-02   0.167997E-04   0.991271E-05  -0.595031E-04   0.158861E-03   0.994792E-05  -0.214511E-07
   0.613000E+01   0.000000E+00  -0.177425E-02  -0.172670E-02   0.350068E-02   0.172027E-04   0.102037E-04  -0.619705E-04   0.164236E-03   0.102384E-04   0.426838E-07
   0.613250E+01   0.000000E+00  -0.177188E-02  -0.172283E-02   0.349452E-02   0.176001E-04   0.104957E-04  -0.644963E-04   0.169645E-03   0.105300E-04   0.108745E-06
   0.613500E+01   0.000000E+00  -0.176894E-02  -0.171808E-02   0.348721E-02   0.179953E-04   0.107889E-04  -0.670748E-04   0.175100E-03   0.108227E-04   0.176785E-06
   0.613750E+01   0.000000E+00  -0.176567E-02  -0.171295E-02   0.347888E-02   0.183914E-04   0.110835E-04  -0.697032E-04   0.180605E-03   0.111168E-04   0.246464E-06
   0.614000E+01   0.000000E+00  -0.176199E-02  -0.170770E-02   0.346963E-02   0.187866E-04   0.113793E-04  -0.723874E-04   0.186157E-03   0.114121E-04   0.317509E-06
   0.614250E+01   0.000000E+00  -0.175777E-02  -0.170203E-02   0.345951E-02   0.191765E-04   0.116764E-04  -0.751353E-04   0.191749E-03   0.117087E-04   0.390061E-06
   0.614500E+01   0.000000E+00  -0.175308E-02  -0.169565E-02   0.344867E-02   0.195617E-04   0.119749E-04  -0.779468E-04   0.197390E-03   0.120067E-04   0.464312E-06
   0.614750E+01   0.000000E+00  -0.174818E-02  -0.168882E-02   0.343725E-02   0.199467E-04   0.122750E-04  -0.808141E-04   0.203091E-03   0.123064E-04   0.540042E-06
   0.615000E+01   0.000000E+00  -0.174313E-02  -0.168197E-02   0.342527E-02   0.203335E-04   0.125766E-04  -0.837341E-04   0.208853E-03   0.126076E-04   0.616893E-06
   0.615250E+01   0.000000E+00  -0.173780E-02  -0.167511E-02   0.341273E-02   0.207180E-04   0.128796E-04  -0.867164E-04   0.214666E-03   0.129101E-04   0.694899E-06
   0.615500E+01   0.000000E+00  -0.173213E-02  -0.166789E-02   0.339978E-02   0.210968E-04   0.131844E-04  -0.897725E-04   0.220533E-03   0.132142E-04   0.774324E-06
   0.615750E+01   0.000000E+00  -0.172628E-02  -0.166021E-02   0.338655E-02   0.214729E-04   0.134910E-04  -0.928981E-04   0.226469E-03   0.135204E-04   0.855083E-06
   0.616000E+01   0.000000E+00  -0.172040E-02  -0.165239E-02   0.337304E-02   0.218508E-04   0.137994E-04  -0.960795E-04   0.232477E-03   0.138284E-04   0.936779E-06
   0.616250E+01   0.000000E+00  -0.171444E-02  -0.164472E-02   0.335920E-02   0.222297E-04   0.141093E-04  -0.993178E-04   0.238549E-03   0.141379E-04   0.101931E-05
   0.616500E+01   0.000000E+00  -0.170829E-02  -0.163705E-02   0.334512E-02   0.226047E-04   0.144212E-04  -0.102632E-03   0.244686E-03   0.144492E-04   0.110299E-05
   0.616750E+01   0.000000E+00  -0.170201E-02  -0.162910E-02   0.333099E-02   0.229750E-04   0.147353E-04  -0.106033E-03   0.250900E-03   0.147628E-04   0.118789E-05
   0.617000E+01   0.000000E+00  -0.169574E-02  -0.162092E-02   0.331682E-02   0.233451E-04   0.150516E-04  -0.109503E-03   0.257197E-03   0.150787E-04   0.127360E-05
   0.617250E+01   0.000000E+00  -0.168950E-02  -0.161280E-02   0.330248E-02   0.237176E-04   0.153695E-04  -0.113028E-03   0.263571E-03   0.153963E-04   0.135984E-05
   0.617500E+01   0.000000E+00  -0.168319E-02  -0.160487E-02   0.328799E-02   0.240893E-04   0.156894E-04  -0.116623E-03   0.270019E-03   0.157156E-04   0.144691E-05
   0.617750E+01   0.000000E+00  -0.167683E-02  -0.159695E-02   0.327358E-02   0.244567E-04   0.160119E-04  -0.120314E-03   0.276555E-03   0.160376E-04   0.153509E-05
   0.618000E+01   0.000000E+00  -0.167051E-02  -0.158886E-02   0.325935E-02   0.248217E-04   0.163373E-04  -0.124098E-03   0.283191E-03   0.163625E-04   0.162405E-05
   0.618250E+01   0.000000E+00  -0.166426E-02  -0.158070E-02   0.324513E-02   0.251883E-04   0.166646E-04  -0.127947E-03   0.289916E-03   0.166896E-04   0.171331E-05
   0.618500E+01   0.000000E+00  -0.165801E-02  -0.157270E-02   0.323081E-02   0.255561E-04   0.169937E-04  -0.131854E-03   0.296721E-03   0.170183E-04   0.180300E-05
   0.618750E+01   0.000000E+00  -0.165179E-02  -0.156491E-02   0.321657E-02   0.259219E-04   0.173256E-04  -0.135855E-03   0.303623E-03   0.173496E-04   0.189359E-05
   0.619000E+01   0.000000E+00  -0.164566E-02  -0.155715E-02   0.320266E-02   0.262847E-04   0.176610E-04  -0.139972E-03   0.310645E-03   0.176845E-04   0.198500E-05
   0.619250E+01   0.000000E+00  -0.163963E-02  -0.154930E-02   0.318900E-02   0.266473E-04   0.179993E-04  -0.144181E-03   0.317777E-03   0.180225E-04   0.207663E-05
   0.619500E+01   0.000000E+00  -0.163364E-02  -0.154149E-02   0.317532E-02   0.270113E-04   0.183394E-04  -0.148449E-03   0.324997E-03   0.183623E-04   0.216829E-05
   0.619750E+01   0.000000E+00  -0.162771E-02  -0.153392E-02   0.316164E-02   0.273755E-04   0.186817E-04  -0.152790E-03   0.332314E-03   0.187042E-04   0.226049E-05
   0.620000E+01   0.000000E+00  -0.162192E-02  -0.152657E-02   0.314830E-02   0.277380E-04   0.190281E-04  -0.157256E-03   0.339764E-03   0.190500E-04   0.235349E-05
 
 
